4294967294,0
4294967278,360
4294967279,0
4294967278,359
4294967278,0
4294967279,144
4294967279,142
4294967279,141
4294967279,140
4294967279,138
4294967279,272
4294967279,285
4294967294,17
4294967294,67
4294967294,99
4294967294,76
4294967294,1416
4294967294,43
4294967294,417
4294967294,52
4294967294,472
4294967294,473
4294967294,25
4294967294,946
4294967294,26
4294967294,970
4294967294,82
4294967294,1414
4294967294,83
4294967279,279
4294967279,521
4294967294,5
4294967279,263
4294967279,275
4294967279,293
4294967279,257
4294967294,7
4294967294,22
4294967278,132
4294967278,131
4294967278,130
4294967278,129
4294967278,128
4294967278,127
4294967278,126
4294967278,125
4294967278,124
4294967278,123
4294967278,252
4294967278,122
4294967278,251
4294967278,121
4294967278,120
4294967278,247
4294967278,119
4294967278,118
4294967278,117
4294967278,116
4294967278,115
4294967278,114
4294967278,113
4294967278,112
4294967278,111
4294967278,110
4294967278,109
4294967278,108
4294967278,225
4294967278,107
4294967278,106
4294967278,105
4294967278,104
4294967278,103
4294967278,215
4294967278,102
4294967278,101
4294967278,100
4294967278,99
4294967278,98
4294967278,97
4294967278,96
4294967278,95
4294967278,94
4294967278,93
4294967278,92
4294967278,91
4294967278,90
4294967278,89
4294967278,87
4294967278,326
4294967278,86
4294967278,85
4294967278,324
4294967278,84
4294967278,83
4294967278,82
4294967278,81
4294967278,80
4294967278,79
4294967278,78
4294967278,77
4294967278,76
4294967278,75
4294967278,74
4294967278,73
4294967278,72
4294967278,71
4294967278,70
4294967278,69
4294967278,68
4294967278,67
4294967278,66
4294967278,318
4294967278,65
4294967278,64
4294967278,317
4294967278,63
4294967278,316
4294967278,62
4294967278,315
4294967278,61
4294967278,60
4294967278,59
4294967278,58
4294967278,57
4294967278,56
4294967278,55
4294967278,54
4294967278,53
4294967278,52
4294967278,51
4294967278,50
4294967278,49
4294967279,174
4294967279,260
4294967279,51
4294967279,49
4294967279,40
4294967279,39
4294967279,36
4294967279,35
4294967279,31
4294967279,27
4294967279,25
4294967279,24
4294967279,20
4294967279,18
4294967279,17
4294967279,16
4294967279,13
4294967279,9
4294967279,8
4294967279,6
4294967279,281
4294967279,5
4294967279,4
0,5
4294967279,7
4294967279,274
4294967294,6
4294967294,437
4294967279,551
4294967278,358
4294967279,550
4294967279,549
4294967278,357
4294967278,356
4294967279,548
4294967279,547
4294967278,355
4294967279,546
4294967279,545
4294967278,354
4294967279,544
31,6
4294967278,353
31,5
4294967279,543
31,4
4294967278,352
31,3
31,2
31,1
4294967278,351
4294967279,542
4294967278,350
4294967279,541
4294967279,540
4294967279,539
4294967294,973
4294967279,538
4294967278,349
28,4
28,3
28,2
28,1
27,4
27,3
27,2
27,1
4294967279,537
26,6
4294967294,1419
4294967294,1418
4294967278,348
4294967278,347
4294967278,346
26,5
26,4
26,3
26,2
26,1
4294967279,536
4294967278,345
4294967279,535
25,5
25,4
25,3
25,2
25,1
4294967278,344
4294967279,534
4294967278,343
24,5
24,4
24,3
24,2
24,1
4294967279,533
4294967278,342
4294967279,532
23,5
23,4
23,3
23,2
23,1
4294967278,341
22,4
22,3
22,2
22,1
4294967294,1417
4294967278,340
4294967279,531
4294967279,530
4294967278,339
4294967279,529
4294967278,338
4294967279,528
4294967279,527
4294967278,337
4294967279,526
4294967279,525
4294967279,524
4294967278,336
4294967279,523
17,7
4294967278,335
4294967278,334
17,6
17,5
4294967278,333
4294967278,332
4294967278,331
4294967279,522
4294967293,131
4294967293,130
4294967293,129
4294967293,128
4294967293,127
4294967293,126
4294967293,125
4294967293,124
4294967293,123
4294967293,122
4294967293,121
4294967293,120
4294967293,119
4294967293,118
4294967293,117
4294967293,116
4294967293,115
4294967293,114
4294967293,113
4294967293,112
4294967293,111
4294967293,110
4294967293,109
4294967293,108
4294967293,107
4294967293,106
4294967293,105
4294967293,104
4294967293,103
4294967293,102
4294967293,101
4294967293,100
4294967293,99
4294967293,98
4294967293,97
4294967293,96
4294967293,95
4294967293,94
4294967293,93
